64
0 4
84842.9453125 -313687.09375
127401.0625 -290514.09375
145892.65625 -324474.59375
104755.148438 -346874.09375
1 4
50737.5507812 -332257.59375
91875.0625 -309858.09375
111787.265625 -343045.09375
69229.15625 -366218.09375
2 4
106836.617188 -266791.3125
125328.21875 -300751.84375
83033.140625 -323781.625
63120.9296875 -290594.625
3 4
70153.046875 -286765.625
90065.2578125 -319952.625
46349.5859375 -343755.9375
27857.9882812 -309795.40625
4 4
50537.9257812 -262525.9375
98669.5078125 -236318.15625
117161.109375 -270278.6875
70450.125 -295712.9375
5 4
10859.0410156 -284131.1875
57570.0429688 -258696.9375
77482.2421875 -291883.9375
29350.640625 -318091.71875
6 4
-20643.7363281 -56843.3164062
-2152.13476562 -90803.828125
-45687.0703125 -114508.726562
-65599.265625 -81321.734375
7 4
-58567.1484375 -77492.7265625
-38654.953125 -110679.71875
-83610.484375 -135158.140625
-102102.085938 -101197.625
8 4
-79550.7890625 -53998.1914062
-36689.9023438 -30660.3105469
-18198.3027344 -64620.8242188
-59638.5898438 -87185.1875
9 4
-113958.945312 -72733.53125
-72518.671875 -50169.1796875
-52606.4726562 -83356.1796875
-95467.34375 -106694.054688
10 4
-54126.53125 -5234.43603516
-35634.9296875 -39194.9492188
-75667.4765625 -60992.7890625
-95579.6796875 -27805.7949219
11 4
-88547.5625 -23976.7871094
-68635.359375 -57163.7773438
-110088.515625 -79735.1484375
-128580.117188 -45774.6289062
12 4
-115518.492188 -3742.36132812
-73893.109375 18922.78125
-55401.5117188 -15037.7285156
-95606.296875 -36929.3554688
13 4
-148691.140625 -21804.9707031
-108486.375 86.6479492188
-88574.1796875 -33100.34375
-130199.546875 -55765.484375
14 4
-162916.03125 110130.25
-118475.375 134328.328125
-99983.7734375 100367.8125
-143003.84375 76943.2578125
15 4
-198903.96875 90534.703125
-155883.90625 113959.257812
-135971.71875 80772.265625
-180412.375 56574.1875
16 4
-174736.140625 138614.359375
-129436.546875 163280.109375
-110944.9375 129319.601562
-154823.9375 105427.359375
17 4
-211583.0 118551.132812
-167704.015625 142443.359375
-147791.8125 109256.367188
-193091.390625 84590.6171875
18 4
-182175.5625 169483.75
-138926.4375 193033.015625
-120434.828125 159072.5
-162263.359375 136296.75
19 4
-216971.9375 150537.0
-175143.4375 173312.765625
-155231.234375 140125.75
-198480.34375 116576.476562
20 4
-190651.265625 199788.859375
-155922.59375 218698.71875
-137431.0 184738.21875
-170739.078125 166601.875
21 4
-216927.21875 185481.53125
-183619.140625 203617.859375
-163706.953125 170430.875
-198435.625 151521.03125
22 4
-204983.65625 226905.046875
-172788.0625 244435.625
-154296.46875 210475.109375
-185071.453125 193718.046875
23 4
-228726.5 213976.984375
-197951.53125 230734.046875
-178039.328125 197547.046875
-210234.90625 180016.46875
24 4
-208906.671875 259689.109375
-174450.5 278450.59375
-155958.90625 244490.09375
-188994.484375 226502.125
25 4
-234910.125 245530.15625
-201874.546875 263518.125
-181962.359375 230331.125
-216418.53125 211569.640625
26 4
-217776.21875 289779.8125
-184818.546875 307725.34375
-166326.953125 273764.84375
-197864.03125 256592.796875
27 4
-242281.171875 276436.78125
-210744.09375 293608.8125
-190831.90625 260421.8125
-223789.578125 242476.28125
28 4
62695.8554688 -220985.75
96180.140625 -202753.46875
114671.742188 -236713.984375
82608.0390625 -254172.734375
29 4
37236.8007812 -234848.28125
69727.96875 -217156.75
89640.1640625 -250343.734375
57149.0039062 -268035.25
30 4
11777.7597656 -248710.796875
44268.9179688 -231019.28125
64181.1210938 -264206.25
31689.9511719 -281897.78125
31 4
-13253.8222656 -262340.5625
18809.8789062 -244881.796875
38722.0703125 -278068.78125
5237.77832031 -296301.0625
32 4
52857.1132812 -191422.765625
88659.3125 -171928.375
107150.914062 -205888.90625
72769.3203125 -224609.796875
33 4
25080.1484375 -206547.40625
59889.2304688 -187593.75
79801.4375 -220780.78125
44992.3632812 -239734.40625
34 4
-2696.80444336 -221672.03125
32112.2675781 -202718.40625
52024.484375 -235905.40625
17215.4101562 -254859.046875
35 4
-30046.2832031 -236563.90625
4335.31298828 -217843.03125
24247.5273438 -251030.046875
-11554.6748047 -270524.4375
36 4
73763.6171875 -145118.9375
92255.2265625 -179079.453125
58990.171875 -197192.375
39077.9609375 -164005.375
37 4
46110.0820312 -160176.375
66022.2890625 -193363.375
32329.7460938 -211709.046875
12417.5498047 -178522.046875
38 4
19449.6679688 -174693.046875
39361.8632812 -207880.046875
5669.33300781 -226225.71875
-14242.8710938 -193038.71875
39 4
-7210.75488281 -189209.71875
12701.4501953 -222396.71875
-21984.1992188 -241283.15625
-40475.8085938 -207322.640625
40 4
21136.2050781 -138854.546875
54964.6523438 -120434.851562
73456.25 -154395.375
41048.40625 -172041.53125
41 4
-4666.98144531 -152904.453125
28168.3222656 -135025.546875
48080.5273438 -168212.53125
15245.2099609 -186091.46875
42 4
-30470.1855469 -166954.375
2365.13574219 -149075.453125
22277.3261719 -182262.453125
-10557.9902344 -200141.375
43 4
-55845.90625 -180771.53125
-23438.0703125 -163125.375
-3525.87304688 -196312.375
-37354.3085938 -214732.046875
44 4
2774.99169922 -113932.09375
34922.9492188 -96427.4375
53414.546875 -130387.953125
22687.1914062 -147119.09375
45 4
-21347.7167969 -127066.984375
9807.109375 -110103.085938
29719.3085938 -143290.09375
-1435.5234375 -160254.0
46 4
-45470.4375 -140201.875
-14315.5996094 -123237.976562
5596.59423828 -156424.984375
-25558.2421875 -173388.875
47 4
-69165.6875 -153104.015625
-38438.3203125 -136372.875
-18526.1230469 -169559.875
-50674.0898438 -187064.53125
48 4
5393.14257812 -77586.3203125
23884.7519531 -111546.84375
-5264.16210938 -127418.515625
-25176.3652344 -94231.5078125
49 4
-18144.2480469 -90402.5
1767.95458984 -123589.507812
-27808.4414062 -139693.9375
-47720.6367188 -106506.9375
50 4
-40688.5195312 -102677.929688
-20776.3242188 -135864.9375
-50352.7070312 -151969.359375
-70264.90625 -118782.359375
51 4
-63232.7890625 -114953.351562
-43320.5898438 -148140.359375
-73890.109375 -164785.546875
-92381.7265625 -130825.03125
52 4
-80315.1875 50346.125
-61823.5859375 16385.6132812
-93255.703125 -729.269042969
-113167.898438 32457.7246094
53 4
-106135.78125 36286.734375
-86223.5859375 3099.74023438
-118083.171875 -14247.9023438
-137995.375 18939.0917969
54 4
-130963.257812 22768.1015625
-111051.054688 -10418.8925781
-142910.640625 -27766.5332031
-162822.828125 5420.46386719
55 4
-155790.703125 9249.47363281
-135878.515625 -23937.5234375
-168731.234375 -41825.9296875
-187222.828125 -7865.41357422
56 4
-129440.898438 58517.2109375
-97022.765625 76168.9765625
-78531.1640625 42208.4609375
-109528.695312 25330.2148438
57 4
-153833.78125 45235.2109375
-122408.78125 62346.21875
-102496.578125 29159.2226562
-133921.578125 12048.2167969
58 4
-178226.671875 31953.2128906
-146801.65625 49064.21875
-126889.453125 15877.2265625
-158314.46875 -1233.78125
59 4
-202192.078125 18903.9667969
-171194.546875 35782.2226562
-151282.34375 2595.22705078
-183700.484375 -15056.5449219
60 4
-139159.90625 88145.3515625
-107987.273438 105118.945312
-89495.671875 71158.4296875
-119247.703125 54958.359375
61 4
-162307.28125 75541.53125
-132127.78125 91974.359375
-112215.585938 58787.3710938
-142395.09375 42354.5390625
62 4
-185454.671875 62937.7070312
-155275.15625 79370.5390625
-135362.96875 46183.5507812
-165542.46875 29750.7207031
63 4
-208174.5625 50566.65625
-178422.546875 66766.71875
-158510.34375 33579.7304688
-189682.96875 16606.1367188
