106028.516690 -341626.225037 0.000000
104701.216257 -341267.165035 0.000000
102818.988538 -341808.584200 0.000000
101301.841911 -342446.254280 0.000000
99912.471368 -343198.180359 0.000000
98517.602959 -343919.703748 0.000000
97146.086016 -344593.176408 0.000000
96548.228642 -343550.408453 0.000000
95816.296321 -342632.650594 0.000000
94695.286523 -342055.356375 0.000000
93426.504140 -341435.928704 0.000000
91868.842073 -341044.178023 0.000000
90293.759545 -340330.145595 0.000000
89081.497911 -339452.309583 0.000000
87762.452507 -339837.287500 0.000000
86766.674405 -340127.828215 0.000000
85930.496735 -339677.828614 0.000000
85037.437527 -339197.132230 0.000000
84138.467636 -338645.994281 0.000000
83461.435155 -337918.406330 0.000000
82897.033858 -337311.898861 0.000000
82411.232337 -336765.715131 0.000000
82667.773603 -335127.698760 0.000000
81567.322114 -336197.404103 0.000000
80214.213740 -337113.612914 0.000000
78811.124985 -337834.328443 0.000000
77352.821698 -338399.394844 0.000000
76008.014375 -338970.828969 0.000000
74751.723890 -339536.639363 0.000000
76340.709697 -341560.456894 0.000000
74359.367075 -342173.556165 0.000000
73110.645937 -339828.003282 0.000000
71062.041558 -339982.499181 0.000000
69633.093252 -340747.216373 0.000000
67732.474977 -341766.733640 0.000000
65527.853848 -341770.801240 0.000000
63758.320723 -340837.572234 0.000000
63745.294137 -339721.449811 0.000000
63729.475151 -338356.430318 0.000000
61253.669120 -337392.081946 0.000000
63108.945765 -335895.650137 0.000000
61812.996144 -334004.095550 0.000000
60498.036079 -333835.644912 0.000000
59333.041827 -333686.404171 0.000000
58248.190517 -333690.337332 0.000000
57202.646880 -333776.461217 0.000000
56165.604368 -333861.834009 0.000000
56005.310323 -332687.177914 0.000000
55861.980784 -331637.307306 0.000000
55061.170946 -331015.460149 0.000000
53663.797339 -330290.008503 0.000000
52935.973122 -331453.958436 0.000000
50086.099753 -333674.485102 0.000000
50170.172487 -331172.801987 0.000000
51996.299390 -329761.035617 0.000000
51246.920681 -327910.436526 0.000000
50232.284524 -326777.156893 0.000000
49051.878700 -325650.140278 0.000000
47605.536089 -324501.619955 0.000000
46558.885758 -323091.148500 0.000000
45514.022042 -321820.256101 0.000000
44348.015227 -320700.021234 0.000000
42870.466674 -319877.062703 0.000000
41377.463313 -318456.037208 0.000000
40305.433674 -316910.023080 0.000000
39314.767217 -315603.793138 0.000000
38120.472040 -314598.835156 0.000000
36743.578849 -313565.589175 0.000000
35588.972129 -312469.952695 0.000000
34241.860555 -311738.971372 0.000000
32439.146895 -311092.803970 0.000000
30219.060478 -309718.791386 0.000000
33215.192424 -305916.749729 0.000000
31933.147799 -305066.523199 0.000000
31705.244833 -303062.004290 0.000000
33068.963535 -301338.937912 0.000000
31483.564102 -300419.934943 0.000000
29968.625955 -298845.788031 0.000000
28823.685479 -297482.673597 0.000000
27613.309062 -295662.936789 0.000000
25971.715919 -295031.538104 0.000000
25519.643718 -295659.859911 0.000000
23179.508564 -295230.210314 0.000000
21978.510069 -295164.056658 0.000000
21343.653722 -293186.695122 0.000000
20383.103985 -291991.338687 0.000000
19152.665381 -290998.197645 0.000000
20517.252673 -289111.683505 0.000000
19100.237640 -287481.530512 0.000000
17431.244355 -285620.462771 0.000000
16568.737517 -285685.336536 0.000000
15709.670582 -285749.812188 0.000000
14853.979772 -285813.887808 0.000000
14111.308983 -284917.498177 0.000000
13225.325841 -283847.823727 0.000000
12189.739227 -282738.540607 0.000000
11090.565869 -281616.534116 0.000000
8027.436456 -281772.765250 0.000000
8957.564185 -279618.919773 0.000000
7586.162600 -279485.543510 0.000000
6213.260622 -279351.861304 0.000000
6054.148345 -278304.443987 0.000000
5909.310071 -277350.550003 0.000000
5481.328079 -276597.981367 0.000000
4596.334308 -276049.190173 0.000000
3544.278264 -275147.420965 0.000000
2798.088851 -272841.449987 0.000000
2544.323131 -270372.028198 0.000000
3690.792306 -269193.989590 0.000000
3076.413079 -268634.120440 0.000000
2386.416034 -268005.358213 0.000000
1529.263892 -267261.351872 0.000000
428.326600 -266528.394547 0.000000
-689.775268 -265651.981514 0.000000
-1642.387234 -264710.031885 0.000000
-2685.110017 -264035.616500 0.000000
-4004.495571 -263782.964758 0.000000
-5420.061497 -263525.353382 0.000000
-7002.479793 -263940.423468 0.000000
-9045.103207 -263941.160979 0.000000
-10963.500055 -263245.590593 0.000000
-10678.187157 -261880.662982 0.000000
-10459.799760 -260602.036890 0.000000
-12682.822700 -258592.672805 0.000000
-13488.051672 -257194.726686 0.000000
-11856.230579 -256519.168999 0.000000
-9794.999347 -257061.044270 0.000000
-8252.328234 -256950.195968 0.000000
-6379.504103 -256463.001471 0.000000
-3812.213482 -256244.411236 0.000000
-1982.155542 -256460.738834 0.000000
-2014.216954 -258159.771727 0.000000
405.543459 -258883.453494 0.000000
1999.123469 -256723.480310 0.000000
877.052593 -256389.731079 0.000000
-811.160408 -255887.430463 0.000000
429.375244 -254313.573784 0.000000
724.183615 -252913.197912 0.000000
695.405386 -251288.379571 0.000000
-358.607166 -251371.661478 0.000000
-1517.568139 -251463.482989 0.000000
-2740.603974 -251737.808621 0.000000
-3988.521921 -252211.113943 0.000000
-5264.874277 -252825.973063 0.000000
-6613.466747 -253555.261407 0.000000
-7323.869215 -252063.119758 0.000000
-8031.625358 -250809.583391 0.000000
-8841.174597 -249829.247382 0.000000
-9653.975777 -249063.568404 0.000000
-10725.786029 -248740.989900 0.000000
-12003.937696 -248355.983483 0.000000
-11275.901516 -246415.589281 0.000000
-10785.748344 -244664.629096 0.000000
-10420.177133 -243176.428261 0.000000
-10925.859438 -241139.453371 0.000000
-11710.099088 -239798.548731 0.000000
-12617.541212 -238638.570530 0.000000
-10883.694861 -236491.580671 0.000000
-9891.296034 -238540.106242 0.000000
-9118.264367 -240123.978154 0.000000
-8020.077427 -241140.083924 0.000000
-6588.531265 -242041.268320 0.000000
-4443.499120 -243100.804673 0.000000
-3229.627217 -245171.202650 0.000000
-2249.821043 -247064.890448 0.000000
504.046504 -247557.766400 0.000000
1692.039882 -247436.072809 0.000000
1823.628910 -245543.071244 0.000000
897.699014 -244388.486128 0.000000
-54.520596 -242930.695371 0.000000
-668.666029 -241393.414209 0.000000
-1708.855389 -240343.124565 0.000000
-3015.423890 -239310.643187 0.000000
-4515.034184 -239440.689789 0.000000
-5290.605962 -238180.208474 0.000000
-5721.435721 -236095.741891 0.000000
-6535.397540 -234807.994832 0.000000
-7529.115547 -233644.352780 0.000000
-8646.016808 -232510.431288 0.000000
-9828.594855 -231432.035145 0.000000
-11074.248147 -230411.748241 0.000000
-12540.432723 -229698.306830 0.000000
-14261.315532 -228847.295232 0.000000
-15963.463941 -227766.509488 0.000000
-17316.586921 -226492.189476 0.000000
-18565.260284 -225412.341040 0.000000
-19908.755259 -224480.751593 0.000000
-21136.679992 -223574.747273 0.000000
-22174.707586 -222794.275997 0.000000
-21593.282586 -220943.788469 0.000000
-20546.001242 -219148.290214 0.000000
-22602.631138 -217842.488196 0.000000
-23710.902333 -216371.745164 0.000000
-24855.569152 -215209.059292 0.000000
-25970.237763 -214154.692944 0.000000
-27259.431170 -213397.353039 0.000000
-28657.242058 -212680.441960 0.000000
-30410.351453 -212221.400660 0.000000
-32406.450474 -211474.107176 0.000000
-34336.982608 -210200.735582 0.000000
-35409.088944 -208279.169928 0.000000
-36482.367853 -207029.860120 0.000000
-36193.557315 -205386.680181 0.000000
-35700.421874 -203015.665767 0.000000
-36996.045682 -202573.953934 0.000000
-38159.550980 -202191.683547 0.000000
-39260.197118 -201847.670947 0.000000
-39631.591238 -201120.934645 0.000000
-40395.136597 -200782.895800 0.000000
-40076.495564 -200300.753934 0.000000
-39244.983471 -200500.178672 0.000000
-38011.870089 -200948.739244 0.000000
-36664.444058 -201003.700548 0.000000
-35324.669064 -201132.038670 0.000000
-33865.714233 -200850.412505 0.000000
-32697.527725 -200034.143089 0.000000
-31628.811511 -199002.943914 0.000000
-30071.302172 -200105.351184 0.000000
-28823.174479 -201533.135530 0.000000
-27917.414354 -202884.139316 0.000000
-26766.808343 -204081.229220 0.000000
-24907.225708 -205040.423520 0.000000
-23270.435049 -204077.473677 0.000000
-23195.860740 -202118.016363 0.000000
-24494.002295 -199075.478544 0.000000
-24711.075304 -194682.080287 0.000000
-24543.077462 -192688.651469 0.000000
-24667.666220 -191695.701315 0.000000
-25887.484193 -191309.889200 0.000000
-27803.002749 -190405.585669 0.000000
-29253.531085 -188761.776337 0.000000
-30747.007574 -187380.018515 0.000000
-32355.174833 -186049.488384 0.000000
-33970.386429 -184600.256497 0.000000
-35596.578375 -183096.803638 0.000000
-37460.204127 -181570.868818 0.000000
-38799.036539 -179478.795811 0.000000
-40024.350368 -177557.012341 0.000000
-40951.982742 -175576.133044 0.000000
-41752.924684 -173616.966586 0.000000
-42581.162359 -171885.566985 0.000000
-43552.969831 -170282.880991 0.000000
-44600.595486 -168739.904615 0.000000
-45666.261910 -167241.417742 0.000000
-46873.017284 -165927.822604 0.000000
-48396.229373 -164715.482482 0.000000
-50111.802042 -163556.190526 0.000000
-52136.038188 -162397.957636 0.000000
-54244.075640 -161030.432249 0.000000
-57185.202768 -159193.642516 0.000000
-59062.899301 -159646.150392 0.000000
-60692.267405 -159363.062997 0.000000
-61305.631303 -157905.346570 0.000000
-61344.267549 -156443.377055 0.000000
-62156.118575 -155851.803173 0.000000
-62979.456754 -156100.708452 0.000000
-63458.759485 -155159.890923 0.000000
-62159.527487 -154934.708421 0.000000
-61356.742285 -154811.901907 0.000000
-60216.357484 -153954.546845 0.000000
-61628.720541 -151558.450387 0.000000
-62860.805794 -148990.135413 0.000000
-63051.867497 -146764.123838 0.000000
-63511.439898 -144798.413674 0.000000
-64383.089066 -143173.896786 0.000000
-65726.224875 -141857.639217 0.000000
-67213.584429 -140221.451680 0.000000
-70471.460767 -138585.055047 0.000000
-71484.435544 -139689.879794 0.000000
-73572.404636 -140361.307637 0.000000
-75126.877824 -141803.550239 0.000000
-75338.182927 -144025.068992 0.000000
-75237.799829 -145754.149391 0.000000
-74932.354264 -147749.438425 0.000000
-75728.018189 -149361.134719 0.000000
-77619.385878 -148452.693040 0.000000
-78819.909706 -146688.223652 0.000000
-80303.534085 -144642.517411 0.000000
-80351.348053 -142338.638467 0.000000
-80283.834879 -140417.145190 0.000000
-80232.215099 -138417.739335 0.000000
-80364.645671 -135955.601242 0.000000
-78650.808998 -136459.540773 0.000000
-77337.094758 -136215.382102 0.000000
-76006.727067 -135663.132921 0.000000
-74707.753202 -135038.757609 0.000000
-73933.626111 -133644.586478 0.000000
-71976.468637 -134791.961590 0.000000
-68975.065526 -133676.958236 0.000000
-69333.710986 -131473.569512 0.000000
-71434.857443 -132135.735229 0.000000
-72749.968324 -130067.962578 0.000000
-70818.718329 -128753.414895 0.000000
-70173.684668 -126733.718134 0.000000
-70546.519535 -125089.447356 0.000000
-71445.777882 -123746.425050 0.000000
-72866.408084 -122218.079075 0.000000
-73702.639931 -120677.864076 0.000000
-76622.335861 -119833.077202 0.000000
-78758.957403 -120214.968393 0.000000
-81903.671242 -119902.400294 0.000000
-82069.996780 -119069.443077 0.000000
-82236.965062 -118233.206663 0.000000
-82140.375039 -115843.084415 0.000000
-83622.463730 -115846.320265 0.000000
-83279.034450 -113372.295748 0.000000
-83096.514356 -111002.906860 0.000000
-81986.319427 -110959.626800 0.000000
-82166.982968 -109621.907388 0.000000
-82977.255842 -108731.971162 0.000000
-84149.003021 -107582.568383 0.000000
-85681.857268 -106112.572971 0.000000
-88777.096938 -106732.064008 0.000000
-90577.086265 -107557.680035 0.000000
-92021.248077 -107114.869629 0.000000
-93773.645473 -106345.121664 0.000000
-95541.453028 -104881.898444 0.000000
-93351.727483 -103769.991283 0.000000
-93835.467389 -102038.521782 0.000000
-93919.250062 -100004.546606 0.000000
-93832.343970 -98236.281575 0.000000
-93844.667002 -96599.656308 0.000000
-94139.003895 -95076.095589 0.000000
-94605.701944 -93479.167388 0.000000
-95012.788516 -91835.518558 0.000000
-95510.170397 -90257.894745 0.000000
-96095.394600 -88666.701945 0.000000
-97124.159781 -86797.602905 0.000000
-99502.932772 -85737.712218 0.000000
-99801.443547 -84748.867601 0.000000
-100216.146994 -83375.255561 0.000000
-98726.438710 -83256.457268 0.000000
-97721.697845 -83176.125525 0.000000
-97816.660784 -81839.986540 0.000000
-97931.619390 -80530.268883 0.000000
-98168.302416 -79318.651446 0.000000
-98684.513355 -78267.262969 0.000000
-99678.277803 -77253.054994 0.000000
-100077.841766 -75796.978946 0.000000
-101672.502994 -75528.815239 0.000000
-102249.001651 -74407.840782 0.000000
-103057.957790 -73182.759277 0.000000
-104375.336179 -71918.452031 0.000000
-104553.965798 -69677.637375 0.000000
-104609.877289 -67867.907454 0.000000
-104691.546607 -66374.800862 0.000000
-104924.327241 -65026.210400 0.000000
-105124.157751 -63869.333566 0.000000
-104446.553922 -63430.897573 0.000000
-103766.728633 -62991.282548 0.000000
-103084.726894 -62549.986009 0.000000
-103802.905464 -61306.957719 0.000000
-104566.934016 -60062.713655 0.000000
-105364.690968 -58903.577486 0.000000
-106295.072600 -57866.737945 0.000000
-107198.613092 -56956.022381 0.000000
-108832.112975 -56625.625832 0.000000
-110722.698789 -55520.598059 0.000000
-111944.572856 -54077.068098 0.000000
-113102.469931 -52789.657840 0.000000
-114463.788608 -51852.048180 0.000000
-115977.644420 -50827.639446 0.000000
-117378.418043 -49743.936907 0.000000
-118980.827284 -48876.799803 0.000000
-120781.355821 -48115.344773 0.000000
-122281.559992 -47647.093712 0.000000
-123193.844673 -47362.447607 0.000000
-123587.311249 -46397.766291 0.000000
-124398.325117 -44721.452213 0.000000
-126026.670811 -43191.466311 0.000000
-127626.544892 -41561.148439 0.000000
-129347.755483 -39954.513641 0.000000
-130535.353042 -37523.472734 0.000000
-130974.751795 -35308.969502 0.000000
-132014.321747 -33898.688274 0.000000
-133801.212417 -32556.522913 0.000000
-135756.777999 -31004.253524 0.000000
-137366.981893 -29173.581235 0.000000
-139238.959409 -27503.685146 0.000000
-141071.336699 -25897.937841 0.000000
-142667.157307 -24503.697797 0.000000
-141844.595032 -22161.767037 0.000000
-143039.780646 -17646.627376 0.000000
-144321.542093 -16864.264731 0.000000
-145672.362608 -15965.685244 0.000000
-146324.943052 -14862.873301 0.000000
-148882.001908 -12738.808923 0.000000
-150497.371546 -11270.987860 0.000000
-151073.880988 -10467.779374 0.000000
-151773.958139 -9175.509507 0.000000
-152594.026569 -7364.222771 0.000000
-153100.693258 -5052.268533 0.000000
-152792.866653 -2930.707297 0.000000
-156492.108493 -2630.156677 0.000000
-159542.774153 -2369.385282 0.000000
-162328.227465 -494.343584 0.000000
-165844.532660 -827.657213 0.000000
-166447.667249 -18.076451 0.000000
-167202.194090 818.887610 0.000000
-168348.435219 1704.935679 0.000000
-169802.748819 2309.134352 0.000000
-171718.722916 2670.458068 0.000000
-173160.612331 3518.322190 0.000000
-174661.549734 4136.026403 0.000000
-175980.912623 4591.571375 0.000000
-177239.124074 4482.347761 0.000000
-177734.332761 2979.083811 0.000000
-175743.492335 1791.973513 0.000000
-174111.582862 301.068637 0.000000
-173006.491570 -1560.944568 0.000000
-171870.010602 -3243.035526 0.000000
-170537.415209 -4846.180311 0.000000
-169475.526470 -6542.430434 0.000000
-168081.094926 -8639.696639 0.000000
-169576.445493 -8984.439671 0.000000
-170640.157753 -9230.185491 0.000000
-171544.938363 -7934.870929 0.000000
-172698.492372 -6473.253643 0.000000
-173983.592550 -5229.964766 0.000000
-175467.842556 -4751.639989 0.000000
-177193.099881 -4622.476934 0.000000
-176037.004255 -7827.281338 0.000000
-174896.485096 -10447.716028 0.000000
-177265.535943 -10300.063992 0.000000
-178801.025020 -10596.464979 0.000000
-179975.748359 -10917.395336 0.000000
-181160.994342 -9993.544873 0.000000
-182514.641776 -8869.870356 0.000000
-182984.912349 -7590.394767 0.000000
-183346.308486 -6607.081179 0.000000
-182589.192971 -5207.326771 0.000000
-181881.403814 -3630.595346 0.000000
-181316.354879 -2113.977795 0.000000
-182337.296319 -373.418653 0.000000
-181108.899560 683.515887 0.000000
-182272.148482 2055.730375 0.000000
-183319.450203 3010.776002 0.000000
-184535.856145 3544.705758 0.000000
-185611.485352 3845.107968 0.000000
-186686.800274 2442.982133 0.000000
-186333.068726 1599.748726 0.000000
-187208.885941 1623.640237 0.000000
-187766.377547 2092.966418 0.000000
-188605.331262 2855.930782 0.000000
-188110.814685 3904.190335 0.000000
-187254.657607 4752.478844 0.000000
-186738.706115 5722.362601 0.000000
-186601.112305 6792.506624 0.000000
-186904.158574 8090.192162 0.000000
-187582.840964 10054.884834 0.000000
-185699.609514 9778.354084 0.000000
-184852.817093 10800.819484 0.000000
-184754.928883 11768.971361 0.000000
-185113.910403 12815.837032 0.000000
-185552.531545 14017.596419 0.000000
-186045.866766 15323.337213 0.000000
-186513.365451 16728.485897 0.000000
-186936.808356 18163.800789 0.000000
-187392.971016 19609.177088 0.000000
-187868.492151 21078.221286 0.000000
-188214.257236 22616.795515 0.000000
-188505.213338 23981.719276 0.000000
-189174.780840 25168.774279 0.000000
-189850.568389 26366.549931 0.000000
-188602.072890 28460.662864 0.000000
-187868.172324 25796.652075 0.000000
-185987.923671 27142.418356 0.000000
-185973.009428 29240.276911 0.000000
-185211.631067 30927.915226 0.000000
-185313.657147 32415.075310 0.000000
-185970.204178 34239.661101 0.000000
-186315.416821 36231.708830 0.000000
-183792.087160 36141.632399 0.000000
-181102.650987 35613.744661 0.000000
-181866.750879 33988.887524 0.000000
-182231.410418 32518.646601 0.000000
-182346.073284 30749.249856 0.000000
-179781.352786 31009.144614 0.000000
-177988.172513 31946.144842 0.000000
-175711.965815 32260.812602 0.000000
-173909.423824 32790.048265 0.000000
-172387.825070 33366.333790 0.000000
-171463.408532 34958.449216 0.000000
-173323.583239 36366.460349 0.000000
-174171.997969 37648.413114 0.000000
-174669.687361 38470.640943 0.000000
-174829.788900 39517.606952 0.000000
-175023.685202 40785.645864 0.000000
-174790.231616 42123.705990 0.000000
-174484.749691 43397.317105 0.000000
-174315.773373 44634.696229 0.000000
-174384.958781 45872.170094 0.000000
-174470.735021 47096.640304 0.000000
-175038.464210 48233.291812 0.000000
-175639.264633 49641.099763 0.000000
-175933.017144 51054.116164 0.000000
-176090.135804 52330.964946 0.000000
-176631.355110 53482.291150 0.000000
-177100.787569 54911.939087 0.000000
-177838.184384 56150.212647 0.000000
-178674.232196 57098.491162 0.000000
-178230.342287 57996.805091 0.000000
-178695.893654 61107.008063 0.000000
-178984.204509 63320.062984 0.000000
-178899.275733 65401.899562 0.000000
-178917.687724 67197.398231 0.000000
-179130.184980 68939.969733 0.000000
-179538.829120 70594.606346 0.000000
-179977.127431 72255.696220 0.000000
-180390.937115 73791.726525 0.000000
-181252.573135 74984.315223 0.000000
-182328.956592 76062.511771 0.000000
-183854.017411 76999.727517 0.000000
-185884.524879 78054.824116 0.000000
-187366.532874 80518.920513 0.000000
-188396.593155 83039.190125 0.000000
-189660.645511 84322.774954 0.000000
-190002.112352 85862.451232 0.000000
-190587.693921 87311.218216 0.000000
-191147.635295 88974.112682 0.000000
-191719.525482 90709.030823 0.000000
-192020.024673 92616.137989 0.000000
-192888.955163 94362.037599 0.000000
-193637.520455 96160.193128 0.000000
-194229.009067 97800.494256 0.000000
-194884.362704 99348.631931 0.000000
-195897.248005 100884.144093 0.000000
-195200.272235 101632.449813 0.000000
-196180.793325 103649.409316 0.000000
-196560.665797 106348.581695 0.000000
-196888.614800 108633.221010 0.000000
-197377.515062 110870.880388 0.000000
-197430.140126 113048.971688 0.000000
-197482.191450 115115.799116 0.000000
-197464.893744 117217.462134 0.000000
-196555.670326 118940.868181 0.000000
-194359.879087 119486.313028 0.000000
-195279.324873 120865.922221 0.000000
-196187.838769 122449.073768 0.000000
-197275.009178 123866.092014 0.000000
-198520.429024 125014.624574 0.000000
-197546.538414 127391.171901 0.000000
-197727.572416 129501.560573 0.000000
-197972.441416 131565.877800 0.000000
-198229.778026 133652.615464 0.000000
-198167.892129 135921.980686 0.000000
-197851.563184 138227.756271 0.000000
-197082.940866 140015.067749 0.000000
-196898.264539 141695.322273 0.000000
-196691.211338 143363.822987 0.000000
-196351.614934 144895.314733 0.000000
-196300.734042 146311.310733 0.000000
-197177.196248 147822.625156 0.000000
-196472.542029 149823.262832 0.000000
-196380.747107 151312.544430 0.000000
-196359.334751 152809.077449 0.000000
-196417.819477 154285.116432 0.000000
-196702.240977 155696.254289 0.000000
-196862.501045 157200.575857 0.000000
-197049.605140 158727.283306 0.000000
-197201.605980 160272.888009 0.000000
-197279.730349 161799.081269 0.000000
-197335.112612 163285.964395 0.000000
-197384.446887 164723.554997 0.000000
-197433.124751 166123.046181 0.000000
-197522.960683 167451.219583 0.000000
-197717.575451 168677.059639 0.000000
-197949.276124 169814.426151 0.000000
-198723.194741 170830.428503 0.000000
-199585.947172 172090.179362 0.000000
-200245.884543 173432.069275 0.000000
-201001.912398 174775.523570 0.000000
-201883.190542 176201.609766 0.000000
-202573.808643 177732.258294 0.000000
-202878.962457 179493.447061 0.000000
-202821.454477 181012.619330 0.000000
-203181.524534 182052.345461 0.000000
-204218.468698 182762.670021 0.000000
-205473.613851 183661.268621 0.000000
-206833.285893 184688.904248 0.000000
-208287.745396 185810.203504 0.000000
-209519.500032 187148.720715 0.000000
-210255.449321 188418.774372 0.000000
-209589.576536 189867.828164 0.000000
-207811.252956 191127.012636 0.000000
-206608.047123 192418.095720 0.000000
-207173.296116 194324.159786 0.000000
-210530.593059 193919.306798 0.000000
-210816.239803 195324.131517 0.000000
-211082.198893 196674.229076 0.000000
-211327.578679 197948.539920 0.000000
-210870.607970 199263.967711 0.000000
-211964.810487 200691.102450 0.000000
-212181.960212 201573.881989 0.000000
-211667.288120 202075.704752 0.000000
-213077.999168 203699.713074 0.000000
-215012.968611 205125.631343 0.000000
-215855.357822 207169.564635 0.000000
-216490.154142 208737.641003 0.000000
-215317.244809 209811.280928 0.000000
-214267.016601 210924.874968 0.000000
-214756.809159 213267.902548 0.000000
-214877.897319 215509.973737 0.000000
-214795.948090 217555.247699 0.000000
-214723.695844 219408.532503 0.000000
-214547.335483 221089.728752 0.000000
-214496.497968 222572.140450 0.000000
-214426.777465 223933.267475 0.000000
-213329.388913 225311.069321 0.000000
-212958.914956 225733.298014 0.000000
-212581.409173 226179.831677 0.000000
-212162.264348 226770.723816 0.000000
-212915.509098 228184.676131 0.000000
-213953.904730 229100.066669 0.000000
-214941.509294 229730.948128 0.000000
-214923.255861 230888.378697 0.000000
-214994.261709 232261.929713 0.000000
-215553.851048 233617.050206 0.000000
-216174.721083 235033.189794 0.000000
-216811.779598 236412.782667 0.000000
-217593.508690 237658.810759 0.000000
-218284.280736 238732.204577 0.000000
-217777.930651 239587.598703 0.000000
-217164.861975 240623.797877 0.000000
-217729.983133 242183.249005 0.000000
-217870.371002 243509.836648 0.000000
-218300.028202 244547.801877 0.000000
-219166.751432 245198.750381 0.000000
-220247.298771 245816.474729 0.000000
-221437.773117 246560.343404 0.000000
-222116.872372 247784.449167 0.000000
-222580.725068 248620.722805 0.000000
-222399.917444 249717.729041 0.000000
-222160.080365 251172.751490 0.000000
-221636.884072 252799.408004 0.000000
-221034.958742 254387.983272 0.000000
-221478.320760 256396.856677 0.000000
-222172.433065 257898.646384 0.000000
-223152.597563 259350.986131 0.000000
-221661.491804 260311.437565 0.000000
-220198.562080 261178.159584 0.000000
-218867.811395 261853.875495 0.000000
-217995.010334 263139.836283 0.000000
-217083.052040 264497.595995 0.000000
-216286.460125 266135.300606 0.000000
-215388.096732 267819.265107 0.000000
-214805.040531 270004.768588 0.000000
-215066.556156 271308.394272 0.000000
-215635.087668 272985.177112 0.000000
-215911.125109 275143.027835 0.000000
-215955.043906 278064.604650 0.000000
-214475.630892 280070.068576 0.000000
-213192.484714 278960.522954 0.000000
-211867.174037 278334.036676 0.000000
-211604.088046 277618.970538 0.000000
-210397.502014 278002.172501 0.000000
-208868.453971 277996.677990 0.000000
-207891.995075 278725.030214 0.000000
-206932.962259 279783.215458 0.000000
-206188.549575 280837.259973 0.000000
-205850.371216 282766.064530 0.000000
-205306.341315 284720.748254 0.000000
-204591.685368 286227.551085 0.000000
-204351.271439 287629.465492 0.000000
-204273.284714 288888.461816 0.000000
-204208.682446 289758.069594 0.000000
-203464.380658 290359.638962 0.000000
-202643.414104 290979.249858 0.000000
-201647.853630 291640.771527 0.000000
-200562.531616 292419.981073 0.000000
-199356.746823 293292.867265 0.000000
-198122.879721 294149.313985 0.000000
-197110.591751 295386.640227 0.000000
-195832.365007 297173.762303 0.000000
-193699.850120 298053.192537 0.000000
-191730.995460 298016.719026 0.000000
-191079.529872 296768.856619 0.000000
-190104.888848 295361.443278 0.000000
-188243.919840 294092.011966 0.000000
-186159.435860 294682.156158 0.000000
-183557.184186 295089.394130 0.000000
-181010.764294 292367.655028 0.000000
-180665.292528 289413.812948 0.000000
-180767.612830 287140.892951 0.000000
-180868.702991 285282.711460 0.000000
-180558.622721 283555.313503 0.000000
-180259.189242 282140.988953 0.000000
-179322.381562 280920.203468 0.000000
-178513.757629 279324.730561 0.000000
-177857.735051 277705.647158 0.000000
-177221.490986 276115.704381 0.000000
-176650.732922 274541.870564 0.000000
-176047.564988 273017.009956 0.000000
-175356.694867 271535.330430 0.000000
-174495.411276 270068.630877 0.000000
-173732.655053 268534.535589 0.000000
-173029.640050 266846.206501 0.000000
-172427.290476 265126.580189 0.000000
-171953.378666 263427.605468 0.000000
-171501.249273 261797.879711 0.000000
-171152.584951 260136.949464 0.000000
-171148.457985 258480.151183 0.000000
-171593.137119 257039.072629 0.000000
-172251.335646 256655.973082 0.000000
-173212.814632 256241.142926 0.000000
-174308.915365 255780.606207 0.000000
-175363.403993 255231.617608 0.000000
-176337.571055 254566.897286 0.000000
-177278.360619 253705.875600 0.000000
-178047.885249 252603.547638 0.000000
-178748.106857 251342.291298 0.000000
-179541.176211 249850.757260 0.000000
-180771.380109 247692.050924 0.000000
-180761.492161 245919.732111 0.000000
-179755.517388 244566.738979 0.000000
-178514.828518 243157.087770 0.000000
-177267.173123 241586.501115 0.000000
-176206.440752 239971.870966 0.000000
-175073.747015 238409.955493 0.000000
-173924.817995 236795.929433 0.000000
-172818.599096 235109.170200 0.000000
-171828.627344 233378.587454 0.000000
-170830.520900 231710.794061 0.000000
-169680.345854 230123.162206 0.000000
-168666.471633 228372.208233 0.000000
-167647.692360 226630.582446 0.000000
-166681.392578 224831.054949 0.000000
-165834.118123 222947.743060 0.000000
-165032.897806 221268.660102 0.000000
-164233.258299 219547.051717 0.000000
-163468.676601 217836.069784 0.000000
-162600.771158 216240.879244 0.000000
-161613.338442 214611.256877 0.000000
-160670.277018 212948.004469 0.000000
-159725.753385 211284.183706 0.000000
-158703.164877 209637.840514 0.000000
-157695.723927 207927.879592 0.000000
-156769.304174 206189.480808 0.000000
-155932.310994 204481.498986 0.000000
-154929.638756 202844.233803 0.000000
-153835.029704 201249.533410 0.000000
-152679.140581 199638.807023 0.000000
-151448.439558 198076.708218 0.000000
-150021.376176 196579.823181 0.000000
-148604.263786 194726.723551 0.000000
-147358.973506 192815.081866 0.000000
-146094.967661 190964.900034 0.000000
-144754.412313 189136.245910 0.000000
-143521.020646 187203.388569 0.000000
-142135.368335 185398.763052 0.000000
-140807.062754 183570.940707 0.000000
-139377.768648 182042.274132 0.000000
-137934.208410 181038.923626 0.000000
-136609.589431 180413.492794 0.000000
-137476.719400 177236.277956 0.000000
-140132.509087 174642.873547 0.000000
-140771.909773 169630.182078 0.000000
-139095.957001 168771.013878 0.000000
-137586.422543 169298.931491 0.000000
-135790.331394 170089.449093 0.000000
-133767.639066 169949.119107 0.000000
-133227.087998 167948.926700 0.000000
-130109.651641 167498.049795 0.000000
-130562.380672 165159.038270 0.000000
-131072.409764 163081.264708 0.000000
-131548.048656 161205.669334 0.000000
-131360.150557 159347.559028 0.000000
-130900.971760 157227.705240 0.000000
-130864.344351 154426.903050 0.000000
-131159.813623 151602.780067 0.000000
-129897.397407 149495.335657 0.000000
-128824.914037 147934.951064 0.000000
-128014.718231 146803.782714 0.000000
-128427.886938 145738.369122 0.000000
-128868.377860 144602.711039 0.000000
-127945.553850 143208.431696 0.000000
-127110.402409 141897.127446 0.000000
-126391.536283 140684.253526 0.000000
-125751.729416 139665.770460 0.000000
-125187.946038 138808.024098 0.000000
-124689.475689 138050.063703 0.000000
-124766.362348 137097.908961 0.000000
-124867.130704 135850.008822 0.000000
-124117.172327 135185.055136 0.000000
-123340.305279 134336.407236 0.000000
-122901.837303 133271.343604 0.000000
-122899.163099 131632.890482 0.000000
-123156.901195 130376.030666 0.000000
-123458.243464 129250.304277 0.000000
-123721.503270 128326.193274 0.000000
-123635.760916 127506.462064 0.000000
-123171.789465 126733.064516 0.000000
-122612.375408 125800.791705 0.000000
-121635.050889 125071.846783 0.000000
-120330.461815 123963.623389 0.000000
-119227.837191 122497.295427 0.000000
-118669.418289 123194.953000 0.000000
-117656.791033 124460.394418 0.000000
-117008.004756 121211.093766 0.000000
-117022.636046 119191.952374 0.000000
-116792.712292 117511.482777 0.000000
-116057.182149 115941.830170 0.000000
-115804.521848 114021.670619 0.000000
-115634.912081 112600.595201 0.000000
-115163.132001 111281.917378 0.000000
-114222.944118 110077.780900 0.000000
-112842.786039 108175.118127 0.000000
-112551.460068 106159.988430 0.000000
-112237.061349 104259.309205 0.000000
-110940.567667 103539.016878 0.000000
-109831.671408 102922.985133 0.000000
-109777.108220 101681.927260 0.000000
-109710.500208 100167.967288 0.000000
-110142.615453 98541.425492 0.000000
-110505.471720 97279.308097 0.000000
-109784.207634 96355.247311 0.000000
-109009.405932 95419.932081 0.000000
-106717.235664 94421.905056 0.000000
-106486.841798 93021.831256 0.000000
-106600.098501 91227.627407 0.000000
-107193.263335 89666.368706 0.000000
-107628.968323 88214.709026 0.000000
-107993.207191 86939.060462 0.000000
-107734.724409 85765.470379 0.000000
-107224.888596 84423.932837 0.000000
-106457.049911 82992.883195 0.000000
-105749.461420 81390.449754 0.000000
-105058.502852 79702.385681 0.000000
-104232.623762 77838.620483 0.000000
-102591.047270 77078.619028 0.000000
-102702.283880 75897.943778 0.000000
-102336.256144 74600.118784 0.000000
-100237.319439 74427.470025 0.000000
-98786.476566 74303.844924 0.000000
-97143.057298 76510.424578 0.000000
-96532.198003 74401.658888 0.000000
-97099.274828 73546.860485 0.000000
-97666.409187 72692.056018 0.000000
-98851.283136 72539.554775 0.000000
-99853.405946 72410.686646 0.000000
-100157.135887 70760.815294 0.000000
-99995.866322 69312.804599 0.000000
-99525.679310 67791.671037 0.000000
-98996.965002 66142.896327 0.000000
-98561.489681 64317.784672 0.000000
-98373.852568 62328.846858 0.000000
-98604.796484 60712.636691 0.000000
-98798.968589 59479.481613 0.000000
-97399.240727 59194.759906 0.000000
-96062.194117 58922.579980 0.000000
-95780.179305 57703.092266 0.000000
-95451.291697 56290.711611 0.000000
-95109.052876 54920.480150 0.000000
-94680.150421 53689.224053 0.000000
-93069.577185 53805.994012 0.000000
-91215.138646 53636.322015 0.000000
-89533.973198 52729.295222 0.000000
-88501.257201 52154.343305 0.000000
-88423.936132 51307.699432 0.000000
-88340.983878 50399.251721 0.000000
-88076.247680 49471.398571 0.000000
-87331.729017 48534.045390 0.000000
-86598.011401 47247.861055 0.000000
-86166.002136 45921.833583 0.000000
-85804.097523 44770.909108 0.000000
-85457.109412 43657.037614 0.000000
-83781.423229 43166.026402 0.000000
-83676.705113 42103.073108 0.000000
-81881.813611 39886.353008 0.000000
-81699.956304 39112.977961 0.000000
-81518.082303 38340.102883 0.000000
-81098.236178 37559.539024 0.000000
-80296.120078 36681.960427 0.000000
-79453.788042 35482.458418 0.000000
-78742.216380 34115.848379 0.000000
-78237.757630 32667.757470 0.000000
-77822.216494 31201.998188 0.000000
-77593.248272 29774.826195 0.000000
-77514.339686 28407.103296 0.000000
-77531.245689 27170.220338 0.000000
-77684.296432 25246.366136 0.000000
-79575.721307 22413.658500 0.000000
-79181.301742 21694.037295 0.000000
-78472.700742 21425.199671 0.000000
-77222.970278 21931.476451 0.000000
-75870.209756 21858.784931 0.000000
-74506.749149 21734.642390 0.000000
-74587.171619 24041.253932 0.000000
-73573.683947 24711.417495 0.000000
-72018.701742 24640.681252 0.000000
-70843.917188 24587.222826 0.000000
-70773.852088 21844.638327 0.000000
-70112.855962 20940.588850 0.000000
-69246.519958 19756.383845 0.000000
-70028.091047 19074.227236 0.000000
-71013.540678 18214.279176 0.000000
-72588.511915 17566.208624 0.000000
-74153.002703 16346.154329 0.000000
-75338.922710 14208.075902 0.000000
-76033.909836 11006.060284 0.000000
-76425.811901 10414.478112 0.000000
-76477.880886 9828.482540 0.000000
-75311.932971 9350.056925 0.000000
-76030.931109 8514.998091 0.000000
-75373.970169 7668.198753 0.000000
-74049.695723 8227.757477 0.000000
-74274.844472 5993.545982 0.000000
-73735.003550 4412.553447 0.000000
-72702.343601 2847.768056 0.000000
-72390.365701 964.999611 0.000000
-72103.839934 -669.958303 0.000000
-71844.589993 -2158.749318 0.000000
-71636.482093 -3492.088915 0.000000
-71474.333740 -4531.366881 0.000000
-70754.221827 -5168.744639 0.000000
-69739.435116 -5646.256745 0.000000
-68570.337014 -6196.363127 0.000000
-69319.036347 -8922.768556 0.000000
-68182.411783 -9970.808330 0.000000
-67037.739235 -11366.289604 0.000000
-66215.634101 -12855.104368 0.000000
-65120.384678 -13958.906036 0.000000
-63886.476475 -15054.629756 0.000000
-62431.087959 -16148.692161 0.000000
-61455.087545 -17857.838927 0.000000
-60366.786569 -19030.019777 0.000000
-58756.925996 -20009.278358 0.000000
-57667.382574 -21095.313674 0.000000
-56287.578526 -19093.139483 0.000000
-55159.362940 -21175.842939 0.000000
-55124.702069 -24225.870151 0.000000
-54407.616241 -25554.917761 0.000000
-53595.172819 -27135.248711 0.000000
-52885.083003 -28572.266151 0.000000
-52046.928369 -28515.993304 0.000000
-51161.356727 -28456.484686 0.000000
-50166.870106 -28389.451848 0.000000
-49358.552407 -28669.123773 0.000000
-48577.185535 -28999.027838 0.000000
-47556.404744 -29429.790138 0.000000
-46531.819157 -30278.967919 0.000000
-45457.276631 -31502.950076 0.000000
-44447.501631 -32890.407900 0.000000
-43465.823864 -34192.042948 0.000000
-42251.635276 -35407.696754 0.000000
-41548.656462 -37261.179346 0.000000
-40282.206443 -38437.155165 0.000000
-40887.793417 -38971.535055 0.000000
-39657.272130 -39800.198564 0.000000
-41524.748506 -41361.909100 0.000000
-39966.240302 -42640.388285 0.000000
-38708.861645 -43989.858193 0.000000
-36954.529859 -44849.785644 0.000000
-35003.034986 -46207.424215 0.000000
-33467.476824 -47832.992940 0.000000
-31917.850076 -49500.815575 0.000000
-30267.326519 -51243.973917 0.000000
-29306.685826 -53593.929303 0.000000
-27950.473184 -55075.163112 0.000000
-28831.490711 -55783.326846 0.000000
-27995.305303 -57445.525418 0.000000
-26945.742037 -59078.963887 0.000000
-25968.307099 -60908.436829 0.000000
-25203.709899 -62766.155641 0.000000
-24487.888054 -64428.704470 0.000000
-23218.740713 -65838.419606 0.000000
-22464.116048 -67972.261866 0.000000
-21822.842905 -69802.186410 0.000000
-21104.817963 -71475.512898 0.000000
-20277.509456 -73082.185308 0.000000
-19382.173257 -74697.020613 0.000000
-18482.318973 -76321.248719 0.000000
-17536.617539 -77920.874001 0.000000
-16471.813226 -79500.231941 0.000000
-15544.092178 -80779.192079 0.000000
-14979.999754 -81550.705449 0.000000
-15404.467045 -82760.810787 0.000000
-15828.934301 -83971.172322 0.000000
-13297.741809 -83521.304504 0.000000
-13679.741836 -85131.687296 0.000000
-13925.197196 -86166.171212 0.000000
-11223.981723 -86089.314280 0.000000
-9257.769552 -87286.026985 0.000000
-7944.709546 -88621.211757 0.000000
-6997.326228 -90125.803275 0.000000
-6488.006477 -91410.861791 0.000000
-5810.789427 -92438.307641 0.000000
-4930.562491 -92143.239377 0.000000
-3867.885702 -93352.698027 0.000000
-2778.399923 -94598.549623 0.000000
-1928.969100 -95958.960628 0.000000
-923.211248 -97121.487540 0.000000
162.375121 -98224.181152 0.000000
1283.911047 -98909.073999 0.000000
2114.401333 -99415.951051 0.000000
2106.150013 -100518.960995 0.000000
2214.382154 -101791.179706 0.000000
2988.661858 -102915.743772 0.000000
3857.287951 -103996.962442 0.000000
4770.488064 -104990.439326 0.000000
6084.610363 -104862.072548 0.000000
6020.712240 -103776.340064 0.000000
7209.014039 -103913.919931 0.000000
7920.731039 -103468.251478 0.000000
8722.303047 -104084.336248 0.000000
9488.021188 -103698.975315 0.000000
9966.623173 -104108.760661 0.000000
9241.049264 -104709.477170 0.000000
8621.762431 -106405.517211 0.000000
9267.837527 -107164.634193 0.000000
9888.204144 -108036.855665 0.000000
10469.858013 -109078.605921 0.000000
11429.319072 -109602.997550 0.000000
12434.358221 -109951.805399 0.000000
13368.281668 -110276.073274 0.000000
15264.220588 -110080.464761 0.000000
17767.600929 -108677.019981 0.000000
17402.813902 -110933.597249 0.000000
17598.613437 -112336.622628 0.000000
17830.442725 -113441.337442 0.000000
19675.364086 -111766.158218 0.000000
20626.422270 -112582.161291 0.000000
21567.508951 -113389.825589 0.000000
24095.989578 -110643.504608 0.000000
24820.541887 -112390.168397 0.000000
26413.480934 -114281.447440 0.000000
27028.465679 -116087.178748 0.000000
27540.890742 -117974.767572 0.000000
29338.579940 -116856.196382 0.000000
29756.616439 -117861.042619 0.000000
28265.112288 -118885.401472 0.000000
29124.784534 -120947.651013 0.000000
29613.034357 -122452.136521 0.000000
30391.531417 -123425.273931 0.000000
31566.578053 -124173.338239 0.000000
33099.402995 -124473.805992 0.000000
34301.422909 -124563.558492 0.000000
34816.632407 -125401.419900 0.000000
35412.403994 -126370.236513 0.000000
37058.823983 -125626.114837 0.000000
38360.961281 -124791.042031 0.000000
39435.510656 -123979.842517 0.000000
40044.494554 -122815.767194 0.000000
40704.422315 -121358.174520 0.000000
43187.520640 -119970.205020 0.000000
43177.627238 -122691.639935 0.000000
42355.362010 -124288.020513 0.000000
41402.084451 -125639.973964 0.000000
42785.406892 -129112.746579 0.000000
42734.710891 -132277.178385 0.000000
42460.169413 -133787.461640 0.000000
43670.155822 -134414.548118 0.000000
44624.760388 -134909.178616 0.000000
45025.183568 -138041.413740 0.000000
46748.620148 -136908.905618 0.000000
48122.585279 -135882.070848 0.000000
50060.223240 -136660.402382 0.000000
51310.111822 -135842.195739 0.000000
52184.202269 -135128.315583 0.000000
53692.495420 -135784.497076 0.000000
53070.541109 -136414.946383 0.000000
54334.530127 -137881.378165 0.000000
53317.836218 -139565.923190 0.000000
52133.723196 -140876.544299 0.000000
49942.733463 -142640.885643 0.000000
50489.062538 -144101.760850 0.000000
54317.610551 -143019.574291 0.000000
55712.849928 -141198.248133 0.000000
54958.345452 -139169.719091 0.000000
56086.678125 -138562.698012 0.000000
57369.917215 -137872.707312 0.000000
58145.121101 -138898.721865 0.000000
58857.605837 -139841.908986 0.000000
57887.056291 -140968.969747 0.000000
56971.443043 -142250.695016 0.000000
56142.189336 -143537.650041 0.000000
58698.272002 -144577.231801 0.000000
58538.213508 -145922.969638 0.000000
58371.152060 -147327.803578 0.000000
58724.400957 -148768.473192 0.000000
59167.899040 -150350.361159 0.000000
60214.070018 -149001.385034 0.000000
61654.674950 -148264.700288 0.000000
63238.214941 -149434.806201 0.000000
64217.657508 -151184.582310 0.000000
65031.282587 -152833.529561 0.000000
65882.905392 -154281.927724 0.000000
67976.284240 -152695.765315 0.000000
68056.695323 -155398.039843 0.000000
67172.804256 -156241.773180 0.000000
65641.894645 -157286.757032 0.000000
63832.808818 -157763.979170 0.000000
65685.725291 -158664.046917 0.000000
67271.214735 -160545.976258 0.000000
68744.098039 -162022.678199 0.000000
70021.700267 -161438.468141 0.000000
70952.584097 -161012.601834 0.000000
72218.235119 -161944.004374 0.000000
73171.974891 -162645.684252 0.000000
72436.674675 -163463.282530 0.000000
71361.785282 -164670.676485 0.000000
69803.473467 -164312.236693 0.000000
68899.637251 -164952.183104 0.000000
68093.021996 -165810.134383 0.000000
68656.869627 -168198.058704 0.000000
73828.516608 -168596.026491 0.000000
75538.366038 -170452.980755 0.000000
78129.617325 -169247.304423 0.000000
77860.192725 -168496.740851 0.000000
76617.874553 -167417.568240 0.000000
77057.544327 -166225.426920 0.000000
77442.093104 -164902.202671 0.000000
77947.709339 -163162.126805 0.000000
79312.813818 -164078.775209 0.000000
78927.058520 -165354.398441 0.000000
78464.269992 -166884.604842 0.000000
80275.044244 -168744.406005 0.000000
80344.670190 -170710.796059 0.000000
80585.592720 -172400.510990 0.000000
80928.471912 -173828.905990 0.000000
81884.598755 -173013.938321 0.000000
83158.672329 -171928.141803 0.000000
84938.298019 -174006.213606 0.000000
82448.114650 -174764.442370 0.000000
82986.146952 -177252.992506 0.000000
84108.315950 -178217.636001 0.000000
86685.036745 -179083.324464 0.000000
88551.563421 -180095.040107 0.000000
89319.591074 -181611.278074 0.000000
88305.320402 -182949.351317 0.000000
87009.954350 -184054.800127 0.000000
85978.351474 -185078.377212 0.000000
85165.459959 -186209.578007 0.000000
84792.485145 -187518.052395 0.000000
84591.447173 -189022.004691 0.000000
84655.191133 -190531.651699 0.000000
84736.892715 -191814.670439 0.000000
83125.284713 -193421.080227 0.000000
82084.556469 -190835.604491 0.000000
80783.775607 -190342.456899 0.000000
79789.343155 -189965.122154 0.000000
80003.514392 -191740.948412 0.000000
80528.266127 -193349.977013 0.000000
81846.312266 -194853.916588 0.000000
83232.246148 -196769.974329 0.000000
84050.956826 -199052.235963 0.000000
84501.167336 -201326.573462 0.000000
86410.834921 -199824.632905 0.000000
86187.054273 -197057.944818 0.000000
87907.588880 -198032.275415 0.000000
89006.205908 -198654.127767 0.000000
88260.831533 -199703.123753 0.000000
87515.520459 -200752.130884 0.000000
89317.699061 -202552.216979 0.000000
91454.754975 -200553.734237 0.000000
92670.412206 -203295.044172 0.000000
91258.913070 -203824.156703 0.000000
90225.876417 -204211.341141 0.000000
90477.797773 -206522.905731 0.000000
92862.983429 -205734.071605 0.000000
94178.225892 -206255.647309 0.000000
95727.413580 -206870.213362 0.000000
94115.862164 -208708.776329 0.000000
94646.008620 -209855.043798 0.000000
95146.156797 -210936.333078 0.000000
94545.195426 -212986.362567 0.000000
92546.895097 -211681.151612 0.000000
90367.959632 -210049.609975 0.000000
89648.768399 -210883.541563 0.000000
88866.019776 -211791.075126 0.000000
90812.100348 -213016.936908 0.000000
91601.665437 -215151.541075 0.000000
95365.893210 -216884.130427 0.000000
94590.873497 -219938.638092 0.000000
93381.220015 -219728.928941 0.000000
93323.273649 -220667.205694 0.000000
93265.343274 -221605.230264 0.000000
95330.778310 -221895.933289 0.000000
97446.296217 -223222.960851 0.000000
97392.759388 -224054.519547 0.000000
97451.134745 -224981.802265 0.000000
95681.116107 -225685.014922 0.000000
95079.707169 -223580.440644 0.000000
94231.374654 -223904.646153 0.000000
93474.561412 -224656.401179 0.000000
93038.863563 -225611.858722 0.000000
93969.269276 -227071.151614 0.000000
95056.369559 -228803.347216 0.000000
97152.454969 -230205.652293 0.000000
95190.683401 -231518.147977 0.000000
93817.334009 -232022.962797 0.000000
92908.543361 -232349.628047 0.000000
93464.383065 -234627.822737 0.000000
96456.996706 -235531.361213 0.000000
97015.163071 -236569.898583 0.000000
97591.142958 -238054.425468 0.000000
96997.090579 -240077.031553 0.000000
97093.841560 -242309.020501 0.000000
96173.225540 -244087.820827 0.000000
96223.894974 -245634.571255 0.000000
96704.188038 -247532.775723 0.000000
97024.108502 -249775.721996 0.000000
96111.487809 -251863.150362 0.000000
96657.462395 -253543.677003 0.000000
96853.780319 -255715.516813 0.000000
96336.754950 -257842.442872 0.000000
95599.219698 -259465.239796 0.000000
96034.285259 -260938.738438 0.000000
96395.031496 -262675.312952 0.000000
96557.096502 -264334.574163 0.000000
97179.341124 -265765.145948 0.000000
97797.721317 -267088.286693 0.000000
97342.199721 -267540.927739 0.000000
96894.837961 -267985.564620 0.000000
96498.461413 -268379.476127 0.000000
96102.014169 -268773.637143 0.000000
96572.921187 -271512.519728 0.000000
95576.032466 -274542.426343 0.000000
96425.111921 -275273.501538 0.000000
96312.870962 -276833.842904 0.000000
96228.301250 -278429.018051 0.000000
97300.646070 -278466.817580 0.000000
97940.339042 -280253.311611 0.000000
97635.119388 -282157.630991 0.000000
97208.610894 -283581.423647 0.000000
96786.900933 -284721.788550 0.000000
103945.691260 -285382.445626 0.000000
104026.378818 -286223.768392 0.000000
104297.987157 -286957.045358 0.000000
107372.039411 -286225.398179 0.000000
109005.935034 -285629.075783 0.000000
109042.629503 -286475.786378 0.000000
108139.887732 -287153.804972 0.000000
107959.361355 -288567.075968 0.000000
109836.987592 -289133.654754 0.000000
110153.222548 -290673.528952 0.000000
110118.297487 -291972.850209 0.000000
113947.960978 -294231.039167 0.000000
115733.182942 -295589.917711 0.000000
117315.559966 -297004.168926 0.000000
118659.453819 -298253.995291 0.000000
120143.727846 -299325.966885 0.000000
121743.144808 -301271.753145 0.000000
123882.998962 -301041.763585 0.000000
125217.052534 -300420.562576 0.000000
126428.496781 -299728.974907 0.000000
127597.523318 -300592.176940 0.000000
128829.475013 -301501.963706 0.000000
127409.535253 -303162.965384 0.000000
125547.604470 -304253.175366 0.000000
124069.564339 -305215.337487 0.000000
122688.909879 -306302.393999 0.000000
121496.923961 -304349.647161 0.000000
120448.840789 -304290.208296 0.000000
119400.678495 -304231.010999 0.000000
117761.509096 -303952.971760 0.000000
116246.269649 -303716.601555 0.000000
114794.100608 -303504.592750 0.000000
114742.706935 -304199.292256 0.000000
114706.033939 -304988.924856 0.000000
114652.800726 -306135.797238 0.000000
117605.478852 -306986.877140 0.000000
117322.511866 -308945.306673 0.000000
116113.033326 -310525.970928 0.000000
114908.377919 -311518.839549 0.000000
113988.206593 -312805.400760 0.000000
112567.397258 -313968.608755 0.000000
111156.116099 -314517.150498 0.000000
110311.227940 -315393.254633 0.000000
109517.469385 -316293.132262 0.000000
110027.113955 -316929.479315 0.000000
110741.305527 -317859.865884 0.000000
111458.208523 -318793.811850 0.000000
110377.396814 -319784.419533 0.000000
109365.694153 -320711.590666 0.000000
110068.996764 -322355.547941 0.000000
110967.217878 -323271.317722 0.000000
112522.392195 -323770.317261 0.000000
114184.086669 -324608.890465 0.000000
115631.754190 -325623.057907 0.000000
117593.646918 -326015.250265 0.000000
119845.566426 -327089.077747 0.000000
122805.610478 -329452.138293 0.000000
119383.705337 -330032.265533 0.000000
118183.899497 -331303.559447 0.000000
118005.243309 -333175.843559 0.000000
115364.557216 -332569.831360 0.000000
114069.955134 -334110.057047 0.000000
112652.766657 -335643.183648 0.000000
110950.548214 -336923.972583 0.000000
109368.493177 -337935.622555 0.000000
108131.726262 -338934.967068 0.000000
107352.011700 -340829.877540 0.000000
106028.516690 -341626.225037 0.000000
